0900975147410677781893629876459153176498824329473355810034243003643201
08913964410124884381306296009279371179855835531241083429401294926913246
56871424871100112942985162161406887766981941988197462985082162945
935945280046112167932989682167142160901958669882481102263296566
5642165239165136614746764778429876496474666842635583593528
29424871124828453124821600987862169142487642337060033160066
2487985647012160086776871192634206774450881974777806593
94629421624896196874698838296216071517098411711261216563
430066913244946563006601913243778474459352334206734711
006673329898491376120614248528928009709642940651601117
784097869118898802882017468424377845645932940611926015
637110011900925045548840036431144564964387010670129474
677840929892471121624876477848496170170621656329855
68248001150821652383743913662918473346764798248067
01145885334692600330102538451377849747446493629479
146248764263778629821678634546439880507841106261593248
79177760651366140279871159429600337980066746842437784
744593001352300119647642412067784294027988471129402
5639682167776294649865885687778009709177065581974744593764
2632160824821691124429484206004624474655810086593417862
9459306711432480971376459452877845135561948206065010191814009741
41090092798501294003392696459354643964025847778783708810
3298837768214593733298778670852676374466067778948206
248761887778528294764924263003621600865080036206006
62067118624800364377745230907009264294065942960033974
7460250452894601298201266213553124871126300668601022180
770391656411008648881124859376188206003620306777818528
0064029740671170823429402062945939886698801022940706
9415337337082989112442947465840677644607645637447786
7447462985369242441124824651429497474477840951324879
8593882012487117776593556179820629426121600339640624
82167915164324884022449747448474600867087778948206
77449167786781708317968370302008606777601988214988386
21692671688185583544964835937960902244974744008654
7117619648829883566926003321643701075040086298968
78601778696874624850420679600865641192406777601988
24851450801009207764778450124894801764924263003602
06711968233008656479111523518798078470324411566913
53849264456496438701032980771170823429401777826311
067768541882940297474452377840998838296216218703911
2447442989812487778640652892402558100337980066
94307558106296786528294744778656300667341659
38306911887012061406115237430086523786244
7786206298009878621629429898866733668402
00922980177782448321677845135561948783214
18536743248593777789482060659420684594
7460724821696821664294558474355612165645932489645367783926
961244830092057647982482947332985561003406777818711003316006
674626300665460161312969880109115046698824302064477687766
248568548536156329855680011178459359452800462160270370843216
4377745230924400367462489815240329800862985630066294703
5239838671646008656452384786667334624877789482065237645
935139262947914600330821691679800862989849269132465685282
16062967862989167647784840677781871100119546524216976974
93452328479153321673329876391611216764964528216248501523
768593764778459366733469262612167866679170121624821026238
2612415360066733298216986246778424870831923924006615594
24894174843342330086564112615939818811311191670831241111
2489687462165630066734162062162938877784300467012949245230
991393614017112630066071502924746248563228528294764798248
5312440036706465482947088103298067778182980044703911926523
208558371483176424411847866673346566926003321643701748774
474355612339860036431100338821601563711244847989880229484
9640691117855819260033974774400467965139362947914602746
2485581523918533943020629488261206294065944459306447
6806115237439839882430150156300660124852861234948246
5640066534072889262485581778411593067784092487642637
78629424876459194874652398838296216847030086564294
5937917987647784593594528004611593504206293701020919
009700862982388324821659366964224244832167784974934
